EXP_043b: Simplex Anatomy — All Elements Z=1 to 118
======================================================================

   Z  Simp  Hing    ⟨SST⟩    ⟨STT⟩  STT_min  STT_max    ⟨TT⟩       Σdet
──────────────────────────────────────────────────────────────────────
   1     1    10   0.9983   0.0982   0.0982   0.0982  0.9496       7.28
   2     2    19   0.9983   0.7298   0.7298   0.7298  0.6305      17.36
   3     3    28   0.9983   0.5978   0.0141   0.8897  0.6616      24.35
   4     4    37   0.9983   0.5384   0.2147   0.8620  0.6745      31.42
   5     5    46   0.9983   0.5097   0.0052   0.7953  0.6847      38.60
   6     6    55   0.9983   0.4942   0.0979   0.7260  0.6818      45.83
   7     7    64   0.9983   0.4850   0.0027   0.7691  0.6879      53.11
   8     8    73   0.9983   0.4792   0.0555   0.8305  0.6925      60.42
   9     9    82   0.9983   0.4753   0.0016   0.8601  0.6920      67.74
  10    10    91   0.9983   0.4726   0.0357   0.8696  0.6927      75.08
  11    11   100   0.9983   0.4706   0.0011   0.8663  0.6952      82.42
  12    12   109   0.9983   0.4692   0.0248   0.8552  0.6972      89.77
  13    13   118   0.9983   0.4681   0.0008   0.8392  0.6981      97.13
  14    14   127   0.9983   0.4672   0.0183   0.8424  0.6982     104.48
  15    15   136   0.9983   0.4666   0.0006   0.8576  0.6978     111.85
  16    16   145   0.9983   0.4660   0.0140   0.8656  0.6987     119.21
  17    17   154   0.9983   0.4656   0.0005   0.8681  0.6997     126.58
  18    18   163   0.9983   0.4653   0.0111   0.8665  0.7005     133.94
  19    19   172   0.9983   0.4650   0.0004   0.8617  0.7010     141.31
  20    20   181   0.9983   0.4647   0.0090   0.8545  0.7014     148.68
  21    21   190   0.9983   0.4645   0.0003   0.8570  0.7017     156.05
  22    22   199   0.9983   0.4643   0.0074   0.8634  0.7019     163.43
  23    23   208   0.9983   0.4642   0.0002   0.8668  0.7020     170.80
  24    24   217   0.9983   0.4640   0.0062   0.8677  0.7019     178.17
  25    25   226   0.9983   0.4639   0.0002   0.8666  0.7021     185.55
  26    26   235   0.9983   0.4638   0.0053   0.8637  0.7026     192.92
  27    27   244   0.9983   0.4638   0.0002   0.8596  0.7030     200.29
  28    28   253   0.9983   0.4637   0.0046   0.8620  0.7032     207.67
  29    29   262   0.9983   0.4636   0.0002   0.8654  0.7034     215.04
  30    30   271   0.9983   0.4635   0.0040   0.8671  0.7035     222.42
  31    31   280   0.9983   0.4635   0.0001   0.8675  0.7036     229.80
  32    32   289   0.9983   0.4634   0.0035   0.8666  0.7038     237.17
  33    33   298   0.9983   0.4634   0.0001   0.8647  0.7039     244.55
  34    34   307   0.9983   0.4634   0.0031   0.8619  0.7041     251.92
  35    35   316   0.9983   0.4633   0.0001   0.8642  0.7042     259.30
  36    36   325   0.9983   0.4633   0.0028   0.8663  0.7043     266.68
  37    37   334   0.9983   0.4633   0.0001   0.8673  0.7044     274.05
  38    38   343   0.9983   0.4632   0.0025   0.8674  0.7044     281.43
  39    39   352   0.9983   0.4632   0.0001   0.8667  0.7044     288.81
  40    40   361   0.9983   0.4632   0.0022   0.8653  0.7044     296.18
  41    41   370   0.9983   0.4632   0.0001   0.8633  0.7046     303.56
  42    42   379   0.9983   0.4632   0.0020   0.8654  0.7048     310.94
  43    43   388   0.9983   0.4631   0.0001   0.8667  0.7049     318.32
  44    44   397   0.9983   0.4631   0.0019   0.8673  0.7050     325.69
  45    45   406   0.9983   0.4631   0.0001   0.8673  0.7051     333.07
  46    46   415   0.9983   0.4631   0.0017   0.8667  0.7052     340.45
  47    47   424   0.9983   0.4631   0.0001   0.8656  0.7052     347.83
  48    48   433   0.9983   0.4631   0.0016   0.8646  0.7052     355.20
  49    49   442   0.9983   0.4631   0.0001   0.8661  0.7053     362.58
  50    50   451   0.9983   0.4631   0.0014   0.8669  0.7054     369.96
  51    51   460   0.9983   0.4631   0.0001   0.8673  0.7054     377.34
  52    52   469   0.9983   0.4630   0.0013   0.8672  0.7055     384.72
  53    53   478   0.9983   0.4630   0.0000   0.8667  0.7055     392.09
  54    54   487   0.9983   0.4630   0.0012   0.8658  0.7056     399.47
  55    55   496   0.9983   0.4630   0.0000   0.8654  0.7056     406.85
  56    56   505   0.9983   0.4630   0.0011   0.8665  0.7057     414.23
  57    57   514   0.9983   0.4630   0.0000   0.8671  0.7057     421.61
  58    58   523   0.9983   0.4630   0.0011   0.8673  0.7058     428.98
  59    59   532   0.9983   0.4630   0.0000   0.8672  0.7058     436.36
  60    60   541   0.9983   0.4630   0.0010   0.8667  0.7059     443.74
  61    61   550   0.9983   0.4630   0.0000   0.8660  0.7059     451.12
  62    62   559   0.9983   0.4630   0.0009   0.8660  0.7059     458.50
  63    63   568   0.9983   0.4630   0.0000   0.8667  0.7059     465.87
  64    64   577   0.9983   0.4630   0.0009   0.8672  0.7059     473.25
  65    65   586   0.9983   0.4630   0.0000   0.8673  0.7059     480.63
  66    66   595   0.9983   0.4630   0.0008   0.8672  0.7060     488.01
  67    67   604   0.9983   0.4630   0.0000   0.8668  0.7061     495.39
  68    68   613   0.9983   0.4630   0.0008   0.8661  0.7061     502.77
  69    69   622   0.9983   0.4630   0.0000   0.8663  0.7062     510.14
  70    70   631   0.9983   0.4630   0.0007   0.8669  0.7062     517.52
  71    71   640   0.9983   0.4630   0.0000   0.8672  0.7062     524.90
  72    72   649   0.9983   0.4630   0.0007   0.8673  0.7063     532.28
  73    73   658   0.9983   0.4630   0.0000   0.8671  0.7063     539.66
  74    74   667   0.9983   0.4630   0.0007   0.8668  0.7063     547.04
  75    75   676   0.9983   0.4630   0.0000   0.8662  0.7063     554.41
  76    76   685   0.9983   0.4630   0.0006   0.8666  0.7064     561.79
  77    77   694   0.9983   0.4629   0.0000   0.8670  0.7064     569.17
  78    78   703   0.9983   0.4629   0.0006   0.8672  0.7064     576.55
  79    79   712   0.9983   0.4629   0.0000   0.8673  0.7064     583.93
  80    80   721   0.9983   0.4629   0.0006   0.8671  0.7064     591.31
  81    81   730   0.9983   0.4629   0.0000   0.8668  0.7065     598.68
  82    82   739   0.9983   0.4629   0.0005   0.8663  0.7065     606.06
  83    83   748   0.9983   0.4629   0.0000   0.8667  0.7065     613.44
  84    84   757   0.9983   0.4629   0.0005   0.8671  0.7065     620.82
  85    85   766   0.9983   0.4629   0.0000   0.8673  0.7066     628.20
  86    86   775   0.9983   0.4629   0.0005   0.8673  0.7066     635.58
  87    87   784   0.9983   0.4629   0.0000   0.8671  0.7066     642.96
  88    88   793   0.9983   0.4629   0.0005   0.8668  0.7066     650.33
  89    89   802   0.9983   0.4629   0.0000   0.8664  0.7066     657.71
  90    90   811   0.9983   0.4629   0.0004   0.8669  0.7066     665.09
  91    91   820   0.9983   0.4629   0.0000   0.8671  0.7067     672.47
  92    92   829   0.9983   0.4629   0.0004   0.8673  0.7067     679.85
  93    93   838   0.9983   0.4629   0.0000   0.8672  0.7067     687.23
  94    94   847   0.9983   0.4629   0.0004   0.8671  0.7067     694.61
  95    95   856   0.9983   0.4629   0.0000   0.8668  0.7067     701.98
  96    96   865   0.9983   0.4629   0.0004   0.8666  0.7068     709.36
  97    97   874   0.9983   0.4629   0.0000   0.8670  0.7068     716.74
  98    98   883   0.9983   0.4629   0.0004   0.8672  0.7068     724.12
  99    99   892   0.9983   0.4629   0.0000   0.8673  0.7068     731.50
 100   100   901   0.9983   0.4629   0.0004   0.8672  0.7068     738.88
 101   101   910   0.9983   0.4629   0.0000   0.8671  0.7068     746.26
 102   102   919   0.9983   0.4629   0.0003   0.8668  0.7068     753.63
 103   103   928   0.9983   0.4629   0.0000   0.8667  0.7068     761.01
 104   104   937   0.9983   0.4629   0.0003   0.8670  0.7068     768.39
 105   105   946   0.9983   0.4629   0.0000   0.8672  0.7068     775.77
 106   106   955   0.9983   0.4629   0.0003   0.8673  0.7069     783.15
 107   107   964   0.9983   0.4629   0.0000   0.8672  0.7069     790.53
 108   108   973   0.9983   0.4629   0.0003   0.8671  0.7069     797.91
 109   109   982   0.9983   0.4629   0.0000   0.8668  0.7069     805.28
 110   110   991   0.9983   0.4629   0.0003   0.8669  0.7069     812.66
 111   111  1000   0.9983   0.4629   0.0000   0.8671  0.7070     820.04
 112   112  1009   0.9983   0.4629   0.0003   0.8672  0.7070     827.42
 113   113  1018   0.9983   0.4629   0.0000   0.8673  0.7070     834.80
 114   114  1027   0.9983   0.4629   0.0003   0.8672  0.7070     842.18
 115   115  1036   0.9983   0.4629   0.0000   0.8671  0.7070     849.56
 116   116  1045   0.9983   0.4629   0.0003   0.8668  0.7070     856.93
 117   117  1054   0.9983   0.4629   0.0000   0.8669  0.7070     864.31
 118   118  1063   0.9983   0.4629   0.0003   0.8671  0.7070     871.69
