EXP_043c: Shell-Structured Periodic Table
Shell = hop count n, capacity = 2n², coupling ∝ 1/n²
============================================================

   Z  Sym    ⟨STT⟩                    Shells
──────────────────────────────────────────────────
   1    H  -0.0000 [(1, 1)]
   2   He   0.4924 [(1, 2)]
   3   Li   0.3283 [(1, 2), (2, 1)]
   4   Be   0.4960 [(1, 2), (2, 2)]
   5    B   0.4222 [(1, 2), (2, 3)]
   6    C   0.4489 [(1, 2), (2, 4)]
   7    N   0.4640 [(1, 2), (2, 5)]
   8    O   0.4733 [(1, 2), (2, 6)]
   9    F   0.4794 [(1, 2), (2, 7)]
  10   Ne   0.4836 [(1, 2), (2, 8)]
  11   Na   0.4397 [(1, 2), (2, 8), (3, 1)]
  12   Mg   0.4863 [(1, 2), (2, 8), (3, 2)]
  13   Al   0.4586 [(1, 2), (2, 8), (3, 3)]
  14   Si   0.4674 [(1, 2), (2, 8), (3, 4)]
  15    P   0.4732 [(1, 2), (2, 8), (3, 5)]
  16    S   0.4772 [(1, 2), (2, 8), (3, 6)]
  17   Cl   0.4802 [(1, 2), (2, 8), (3, 7)]
  18   Ar   0.4825 [(1, 2), (2, 8), (3, 8)]
  19    K   0.4843 [(1, 2), (2, 8), (3, 9)]
  20   Ca   0.4857 [(1, 2), (2, 8), (3, 10)]
  21   Sc   0.4869 [(1, 2), (2, 8), (3, 11)]
  22   Ti   0.4880 [(1, 2), (2, 8), (3, 12)]
  23    V   0.4888 [(1, 2), (2, 8), (3, 13)]
  24   Cr   0.4896 [(1, 2), (2, 8), (3, 14)]
  25   Mn   0.4902 [(1, 2), (2, 8), (3, 15)]
  26   Fe   0.4908 [(1, 2), (2, 8), (3, 16)]
  27   Co   0.4913 [(1, 2), (2, 8), (3, 17)]
  28   Ni   0.4918 [(1, 2), (2, 8), (3, 18)]
  29   Cu   0.4748 [(1, 2), (2, 8), (3, 18), (4, 1)]
  30   Zn   0.4923 [(1, 2), (2, 8), (3, 18), (4, 2)]
  31   Ga   0.4805 [(1, 2), (2, 8), (3, 18), (4, 3)]
  32   Ge   0.4836 [(1, 2), (2, 8), (3, 18), (4, 4)]
  33   As   0.4858 [(1, 2), (2, 8), (3, 18), (4, 5)]
  34   Se   0.4873 [(1, 2), (2, 8), (3, 18), (4, 6)]
  35   Br   0.4885 [(1, 2), (2, 8), (3, 18), (4, 7)]
  36   Kr   0.4894 [(1, 2), (2, 8), (3, 18), (4, 8)]
  37        0.4901 [(1, 2), (2, 8), (3, 18), (4, 9)]
  38        0.4907 [(1, 2), (2, 8), (3, 18), (4, 10)]
  39        0.4912 [(1, 2), (2, 8), (3, 18), (4, 11)]
  40        0.4917 [(1, 2), (2, 8), (3, 18), (4, 12)]
  41        0.4921 [(1, 2), (2, 8), (3, 18), (4, 13)]
  42        0.4924 [(1, 2), (2, 8), (3, 18), (4, 14)]
  43        0.4927 [(1, 2), (2, 8), (3, 18), (4, 15)]
  44        0.4930 [(1, 2), (2, 8), (3, 18), (4, 16)]
  45        0.4933 [(1, 2), (2, 8), (3, 18), (4, 17)]
  46        0.4935 [(1, 2), (2, 8), (3, 18), (4, 18)]
  47   Ag   0.4937 [(1, 2), (2, 8), (3, 18), (4, 19)]
  48        0.4939 [(1, 2), (2, 8), (3, 18), (4, 20)]
  49        0.4941 [(1, 2), (2, 8), (3, 18), (4, 21)]
  50        0.4943 [(1, 2), (2, 8), (3, 18), (4, 22)]
  51        0.4944 [(1, 2), (2, 8), (3, 18), (4, 23)]
  52        0.4946 [(1, 2), (2, 8), (3, 18), (4, 24)]
  53        0.4947 [(1, 2), (2, 8), (3, 18), (4, 25)]
  54   Xe   0.4949 [(1, 2), (2, 8), (3, 18), (4, 26)]
  55        0.4950 [(1, 2), (2, 8), (3, 18), (4, 27)]
  56        0.4951 [(1, 2), (2, 8), (3, 18), (4, 28)]
  57        0.4952 [(1, 2), (2, 8), (3, 18), (4, 29)]
  58        0.4953 [(1, 2), (2, 8), (3, 18), (4, 30)]
  59        0.4954 [(1, 2), (2, 8), (3, 18), (4, 31)]
  60        0.4955 [(1, 2), (2, 8), (3, 18), (4, 32)]
  61        0.4874 [(1, 2), (2, 8), (3, 18), (4, 32), (5, 1)]
  62        0.4957 [(1, 2), (2, 8), (3, 18), (4, 32), (5, 2)]
  63        0.4898 [(1, 2), (2, 8), (3, 18), (4, 32), (5, 3)]
  64        0.4912 [(1, 2), (2, 8), (3, 18), (4, 32), (5, 4)]
  65        0.4922 [(1, 2), (2, 8), (3, 18), (4, 32), (5, 5)]
  66        0.4929 [(1, 2), (2, 8), (3, 18), (4, 32), (5, 6)]
  67        0.4934 [(1, 2), (2, 8), (3, 18), (4, 32), (5, 7)]
  68        0.4938 [(1, 2), (2, 8), (3, 18), (4, 32), (5, 8)]
  69        0.4941 [(1, 2), (2, 8), (3, 18), (4, 32), (5, 9)]
  70        0.4944 [(1, 2), (2, 8), (3, 18), (4, 32), (5, 10)]
  71        0.4947 [(1, 2), (2, 8), (3, 18), (4, 32), (5, 11)]
  72        0.4949 [(1, 2), (2, 8), (3, 18), (4, 32), (5, 12)]
  73        0.4950 [(1, 2), (2, 8), (3, 18), (4, 32), (5, 13)]
  74        0.4952 [(1, 2), (2, 8), (3, 18), (4, 32), (5, 14)]
  75        0.4953 [(1, 2), (2, 8), (3, 18), (4, 32), (5, 15)]
  76        0.4955 [(1, 2), (2, 8), (3, 18), (4, 32), (5, 16)]
  77        0.4956 [(1, 2), (2, 8), (3, 18), (4, 32), (5, 17)]
  78        0.4957 [(1, 2), (2, 8), (3, 18), (4, 32), (5, 18)]
  79   Au   0.4958 [(1, 2), (2, 8), (3, 18), (4, 32), (5, 19)]
  80        0.4959 [(1, 2), (2, 8), (3, 18), (4, 32), (5, 20)]
  81        0.4960 [(1, 2), (2, 8), (3, 18), (4, 32), (5, 21)]
  82        0.4961 [(1, 2), (2, 8), (3, 18), (4, 32), (5, 22)]
  83        0.4961 [(1, 2), (2, 8), (3, 18), (4, 32), (5, 23)]
  84        0.4962 [(1, 2), (2, 8), (3, 18), (4, 32), (5, 24)]
  85        0.4963 [(1, 2), (2, 8), (3, 18), (4, 32), (5, 25)]
  86   Rn   0.4963 [(1, 2), (2, 8), (3, 18), (4, 32), (5, 26)]
  87        0.4964 [(1, 2), (2, 8), (3, 18), (4, 32), (5, 27)]
  88        0.4965 [(1, 2), (2, 8), (3, 18), (4, 32), (5, 28)]
  89        0.4965 [(1, 2), (2, 8), (3, 18), (4, 32), (5, 29)]
  90        0.4966 [(1, 2), (2, 8), (3, 18), (4, 32), (5, 30)]
  91        0.4966 [(1, 2), (2, 8), (3, 18), (4, 32), (5, 31)]
  92    U   0.4967 [(1, 2), (2, 8), (3, 18), (4, 32), (5, 32)]
  93        0.4967 [(1, 2), (2, 8), (3, 18), (4, 32), (5, 33)]
  94        0.4968 [(1, 2), (2, 8), (3, 18), (4, 32), (5, 34)]
  95        0.4968 [(1, 2), (2, 8), (3, 18), (4, 32), (5, 35)]
  96        0.4969 [(1, 2), (2, 8), (3, 18), (4, 32), (5, 36)]
  97        0.4969 [(1, 2), (2, 8), (3, 18), (4, 32), (5, 37)]
  98        0.4969 [(1, 2), (2, 8), (3, 18), (4, 32), (5, 38)]
  99        0.4970 [(1, 2), (2, 8), (3, 18), (4, 32), (5, 39)]
 100        0.4970 [(1, 2), (2, 8), (3, 18), (4, 32), (5, 40)]
 101        0.4971 [(1, 2), (2, 8), (3, 18), (4, 32), (5, 41)]
 102        0.4971 [(1, 2), (2, 8), (3, 18), (4, 32), (5, 42)]
 103        0.4971 [(1, 2), (2, 8), (3, 18), (4, 32), (5, 43)]
 104        0.4972 [(1, 2), (2, 8), (3, 18), (4, 32), (5, 44)]
 105        0.4972 [(1, 2), (2, 8), (3, 18), (4, 32), (5, 45)]
 106        0.4972 [(1, 2), (2, 8), (3, 18), (4, 32), (5, 46)]
 107        0.4973 [(1, 2), (2, 8), (3, 18), (4, 32), (5, 47)]
 108        0.4973 [(1, 2), (2, 8), (3, 18), (4, 32), (5, 48)]
 109        0.4973 [(1, 2), (2, 8), (3, 18), (4, 32), (5, 49)]
 110        0.4973 [(1, 2), (2, 8), (3, 18), (4, 32), (5, 50)]
 111        0.4929 [(1, 2), (2, 8), (3, 18), (4, 32), (5, 50), (6, 1)]
 112        0.4974 [(1, 2), (2, 8), (3, 18), (4, 32), (5, 50), (6, 2)]
 113        0.4941 [(1, 2), (2, 8), (3, 18), (4, 32), (5, 50), (6, 3)]
 114        0.4949 [(1, 2), (2, 8), (3, 18), (4, 32), (5, 50), (6, 4)]
 115        0.4954 [(1, 2), (2, 8), (3, 18), (4, 32), (5, 50), (6, 5)]
 116        0.4957 [(1, 2), (2, 8), (3, 18), (4, 32), (5, 50), (6, 6)]
 117        0.4960 [(1, 2), (2, 8), (3, 18), (4, 32), (5, 50), (6, 7)]
 118   Og   0.4962 [(1, 2), (2, 8), (3, 18), (4, 32), (5, 50), (6, 8)]
